1.547449135109974394e+00
1.598721480375719040e+00
1.649993825641463685e+00
1.701266170907208330e+00
1.752538516172952976e+00
1.803810861438697621e+00
1.855083206704442267e+00
1.906355551970186912e+00
1.957627897235931558e+00
2.008900242501676203e+00
2.060973718162198765e+00
2.113047193822721326e+00
2.165934317540439302e+00
2.219647802566246497e+00
2.274200560795581527e+00
2.329605705872249910e+00
2.386742261732563986e+00
2.444771576278195635e+00
2.504614306903377940e+00
2.566327122860597498e+00
2.629968464316479793e+00
2.696592993653106785e+00
2.766340547802387917e+00
2.839357518552416693e+00
2.916938049974322489e+00
2.999367364610097120e+00
3.086948511410607665e+00
3.180003479886150064e+00
3.280328367773844178e+00
3.390058713901009213e+00
