5.314600442468827568e-01
5.657885748024787942e-01
5.995807220681437233e-01
6.333728693338086524e-01
6.671650165994735815e-01
7.009571638651385106e-01
7.347493111308034397e-01
7.685414583964683688e-01
8.028616079631594182e-01
8.377180098668299824e-01
8.731190430502454580e-01
9.096263585206426638e-01
9.472745275994898240e-01
9.860992019620509197e-01
1.026137147398441973e+00
1.068051871527164076e+00
1.112586265913931394e+00
1.159208210037578679e+00
1.208744025668954114e+00
1.261375829777290347e+00
1.317297121642397428e+00
1.377587264434465997e+00
1.442587574632164804e+00
1.513681663910897868e+00
1.591440824059511927e+00
1.676489905472058561e+00
1.770841230164102775e+00
1.876986470442652433e+00
1.996399865756020908e+00
