1.305634818051774726e+00
1.346587197553349435e+00
1.387539577054924145e+00
1.427852075626786954e+00
1.468164574198649763e+00
1.508477072770512573e+00
1.548789571342375382e+00
1.589102069914238191e+00
1.629414568486101000e+00
1.669727067057963810e+00
1.710039565629826619e+00
1.750981946991874594e+00
1.791924328353922569e+00
1.833506434424752474e+00
1.875738260902939158e+00
1.918629959669847507e+00
1.962191841229988798e+00
2.006434377189507234e+00
2.051368202773393268e+00
2.097706210406776073e+00
2.144768249409430894e+00
2.193300977130918650e+00
2.243350352593703079e+00
2.294963771039699729e+00
2.348996568475352653e+00
2.405562153290802030e+00
2.464779249894475388e+00
2.527697415035877970e+00
2.594547965498617881e+00
2.664532135514298794e+00
2.738890316155959681e+00
2.819057729660250367e+00
2.904235606508559275e+00
