5.231010378224354440e-01
5.565354650510144774e-01
5.899698922795935108e-01
6.234043195081725441e-01
6.563163338113050527e-01
6.892283481144375612e-01
7.226546126410564597e-01
7.560808771676753581e-01
7.905517124607510659e-01
8.255611545552810071e-01
8.611176191825380410e-01
8.977852233293969197e-01
9.355986901058450655e-01
9.745938277190572263e-01
1.015416862407888754e+00
1.057515616930746027e+00
1.102245543611281908e+00
1.149072185604967933e+00
1.198825492723259334e+00
1.251688381536443906e+00
1.307855200900452486e+00
1.368410053027274254e+00
1.433695752976503757e+00
1.504081898234266967e+00
1.581066744609945340e+00
1.666471808557963508e+00
1.761218051375296190e+00
1.867807574544795290e+00
1.987720788110481918e+00
