5.141985746033050919e-01
5.479617500140379072e-01
5.817249254247707224e-01
6.154881008355035377e-01
6.492512762462363529e-01
6.830144516569691682e-01
7.167776270677019834e-01
7.510683520942273983e-01
7.858948696992923422e-01
8.212655516419363755e-01
8.577415673952879516e-01
8.947875208947857484e-01
9.329911604411429416e-01
9.723886637233238872e-01
1.013632924971856974e+00
1.056166069384406603e+00
1.101357535322740500e+00
1.148667351226933642e+00
1.198934030625139036e+00
1.252342377485732072e+00
1.309088746025112382e+00
1.369381762598204100e+00
1.435327249475023326e+00
1.506424727514094286e+00
1.584187594119328191e+00
1.669240729468802753e+00
1.763596551497126130e+00
1.869746851278990096e+00
1.989165938533586919e+00
