1.014550293449463902e+00
1.053687191813782453e+00
1.092824090178101004e+00
1.131960988542419555e+00
1.171097886906738106e+00
1.210234785271056657e+00
1.249371683635375208e+00
1.289120096036636021e+00
1.328868508437896834e+00
1.369237989782927434e+00
1.410238244273974040e+00
1.451879127741443343e+00
1.494821288817270943e+00
1.538434421159908361e+00
1.583410463888253128e+00
1.629792007951858634e+00
1.677622975267451855e+00
1.726948660311657280e+00
1.778586486842309800e+00
1.832644836491586826e+00
1.889237171280673921e+00
1.949366526994078974e+00
2.013253967439572190e+00
2.081134372912908592e+00
2.153257303728328687e+00
2.231014838513703857e+00
2.314847180704186602e+00
2.406538804975026924e+00
