1.337076980108697466e+00
1.377810410076893977e+00
1.417907380201837597e+00
1.458004350326781218e+00
1.498101320451724838e+00
1.538198290576668459e+00
1.578295260701612079e+00
1.618392230826555700e+00
1.659115716109701655e+00
1.699839201392847610e+00
1.740562686675993564e+00
1.781922476416688550e+00
1.823928512872081908e+00
1.865934549327475267e+00
1.908596930102484324e+00
1.951925910577102741e+00
1.996608921691552796e+00
2.041990104854666033e+00
2.088789449991626412e+00
2.137051274664116374e+00
2.186821281357621771e+00
2.238146600760299254e+00
2.291075836394310006e+00
2.345659110641883593e+00
2.403653839529930725e+00
2.463460903695729343e+00
2.527005909371890180e+00
2.594522477902811097e+00
2.666258831966914489e+00
2.742478708160024592e+00
2.823462326615203910e+00
2.910772790262194487e+00
