1.023022610206854921e+00
1.062791416846521564e+00
1.101938835882443346e+00
1.141086254918365128e+00
1.180233673954286910e+00
1.219381092990208693e+00
1.258528512026130475e+00
1.298287609484488625e+00
1.338046706942846775e+00
1.377805804401204925e+00
1.418186137757349918e+00
1.459197413822184597e+00
1.501490292264045179e+00
1.544443996931559759e+00
1.588740004869934275e+00
1.634420263056382883e+00
1.681528029311158079e+00
1.730107913261395014e+00
1.780964979271799198e+00
1.834205970251441276e+00
1.889942632683254242e+00
1.949162836517055464e+00
2.012084303090468929e+00
2.078938361324720319e+00
2.149970798198612698e+00
2.226552644203278142e+00
2.310314038270881110e+00
2.400619291250015497e+00
