1.522384225252287449e+00
1.572505437908465753e+00
1.622626650564644057e+00
1.672747863220822362e+00
1.722869075877000666e+00
1.772990288533178971e+00
1.823111501189357275e+00
1.874015857793288387e+00
1.924920214397219498e+00
1.976619951573087119e+00
2.028319688748954519e+00
2.081635042711567518e+00
2.134950396674180517e+00
2.189098803042459185e+00
2.244939347109746741e+00
2.301652399678085992e+00
2.360137735139185899e+00
2.420450737333445179e+00
2.482648520846275186e+00
2.546789985093881548e+00
2.612935870099225344e+00
2.681148814010986481e+00
2.752559239668611824e+00
2.827317029028938666e+00
2.906747180224285909e+00
2.989900619756915123e+00
3.078251149260333275e+00
3.172123586857714894e+00
3.273329808642391647e+00
3.382442766503996001e+00
