1.503157575925190059e+00
1.552837451299030391e+00
1.602517326672870723e+00
1.652197202046711055e+00
1.701877077420551387e+00
1.751556952794391719e+00
1.802013076220948307e+00
1.852469199647504894e+00
1.903713700002601428e+00
1.955758895675746345e+00
2.008617297531284152e+00
2.062301611915814625e+00
2.116824743712603318e+00
2.172199799443716550e+00
2.229305325666426807e+00
2.287303125736366738e+00
2.347113357058492333e+00
2.408792658109434104e+00
2.472399437318217874e+00
2.537993928377276553e+00
2.605638247281930386e+00
2.675396451152354249e+00
2.749514542764679437e+00
2.825948824739889620e+00
2.907160249338550440e+00
2.993447387974627727e+00
3.083779236234270638e+00
3.179756825010140897e+00
3.283232662909126187e+00
3.394792550643969786e+00
