5.322742035951257833e-01
5.653641254910508618e-01
5.984540473869759403e-01
6.315439692829010188e-01
6.646338911788260972e-01
6.982408431043750641e-01
7.323729036537607318e-01
7.675715910953148091e-01
8.033202580281432192e-01
8.401860708026224200e-01
8.776279119017027508e-01
9.162398105351292621e-01
9.560583310008503588e-01
9.977433446134020834e-01
1.041382343239042330e+00
1.087066919925259612e+00
1.134892961143643131e+00
1.185708129938175759e+00
1.239699246782366648e+00
1.297064808429319482e+00
1.358015717679206702e+00
1.423728416714241662e+00
1.495601681283810880e+00
1.574213064406777329e+00
1.660194264697522071e+00
1.754236202515524257e+00
1.860033382560776882e+00
1.979055210111686280e+00
