1.513829684447134838e+00
1.565985496433583313e+00
1.617326373857743471e+00
1.668667251281903630e+00
1.720008128706063788e+00
1.770546804920471340e+00
1.821085481134878892e+00
1.871624157349286444e+00
1.922162833563693995e+00
1.973491176593951568e+00
2.024819519624209363e+00
2.076147862654467158e+00
2.127476205684724953e+00
2.179606554074830171e+00
2.232551439158530382e+00
2.286323588071663693e+00
2.341776116638332628e+00
2.398095090963855647e+00
2.455294049263215150e+00
2.514280475009429416e+00
2.575110226560212823e+00
2.637840907846958238e+00
2.703512089819019693e+00
2.772261608446020986e+00
2.844233760758663188e+00
2.920704172590845804e+00
3.001953985162539862e+00
3.088281911019964632e+00
3.180005332243478033e+00
3.278894645750078496e+00
3.387054832397923043e+00
