1.536345235371367135e+00
1.587535709748335133e+00
1.637926332963163034e+00
1.688316956177990935e+00
1.738707579392818836e+00
1.789098202607646737e+00
1.839488825822474638e+00
1.889879449037302539e+00
1.941057425739862063e+00
1.992235402442421588e+00
2.044213035030959080e+00
2.096190667619496573e+00
2.149792601226426125e+00
2.203394534833355678e+00
2.258671528865502154e+00
2.314812225929401279e+00
2.372707319776547141e+00
2.431507024465054290e+00
2.492144219925076953e+00
2.554676327743225173e+00
2.619162563930690801e+00
2.686671592439444201e+00
2.757345106659546019e+00
2.831331441858714548e+00
2.909941923007831388e+00
2.992237270460813114e+00
3.079676077129605893e+00
3.172579809215198221e+00
3.274193266183814455e+00
3.382157564212969536e+00
