1.322407404581705803e+00
1.362151304880778069e+00
1.401895205179850334e+00
1.441639105478922600e+00
1.481383005777994866e+00
1.521126906077067131e+00
1.560870806376139397e+00
1.600614706675211663e+00
1.640979605416456932e+00
1.681344504157702202e+00
1.722340104441779429e+00
1.763976260980295363e+00
1.806262982464725608e+00
1.849210433972350076e+00
1.892828939409781253e+00
1.937128983994672371e+00
1.982813404972841198e+00
2.029211645028793587e+00
2.077059830086494419e+00
2.126403270927248013e+00
2.177288694294274851e+00
2.229764287141521084e+00
2.283879742265244150e+00
2.340531859347892318e+00
2.398954355089372825e+00
2.461028256814695947e+00
2.526011872683393555e+00
2.594041595545935941e+00
2.666323176087387115e+00
2.743122355412679347e+00
2.824721483445802761e+00
2.911420556980996110e+00
