1.309808193108974450e+00
1.348457532051282159e+00
1.387106870993589869e+00
1.425756209935897578e+00
1.464405548878205288e+00
1.503658783741486760e+00
1.542912018604768232e+00
1.582778585262788695e+00
1.622645151920809159e+00
1.663757548786892748e+00
1.704869945652976337e+00
1.746624723720092476e+00
1.789031920194507297e+00
1.832101729113834843e+00
1.876517469561891360e+00
1.921627205954448581e+00
1.968146621609273339e+00
2.015392903133705005e+00
2.064115630955774883e+00
2.114360944022284805e+00
2.166176423122123218e+00
2.219611135943831304e+00
2.274715683541217892e+00
2.332403256807232150e+00
2.391893566737809174e+00
2.455102021039047067e+00
2.520285739537198921e+00
2.589543440441484989e+00
2.663129747652289048e+00
2.740165413013599505e+00
2.822015807459992143e+00
2.908981851559284681e+00
