1.035275767302663352e+00
1.074254551013626102e+00
1.113233334724588852e+00
1.152212118435551602e+00
1.191190902146514352e+00
1.230778729352961065e+00
1.270366556559407778e+00
1.310572943565955217e+00
1.351407555369479985e+00
1.392880207982434726e+00
1.435000870792467076e+00
1.478437804315312798e+00
1.522553439924452912e+00
1.568047689146378820e+00
1.614963633656489872e+00
1.663345701432541679e+00
1.713239708826594931e+00
1.765472497817244468e+00
1.820153698791830754e+00
1.877398081062100710e+00
1.938220237224262732e+00
2.002843778146560005e+00
2.071506290376500914e+00
2.144460209620813185e+00
2.221973748817895000e+00
2.306754182314703527e+00
2.398158087178450248e+00
