1.331583114443886551e+00
1.371575936594479295e+00
1.411568758745072039e+00
1.451561580895664783e+00
1.491554403046257526e+00
1.531547225196850270e+00
1.571540047347443014e+00
1.611532869498035758e+00
1.652150579494731542e+00
1.692768289491427325e+00
1.734020651206821473e+00
1.775273012922215621e+00
1.817169942789412795e+00
1.859721512185784853e+00
1.902937949853975130e+00
1.946829644360730915e+00
1.992092954320822562e+00
2.038063503499040863e+00
2.085470632339077923e+00
2.133618497567240535e+00
2.183270983583783575e+00
2.234475109788343961e+00
2.288079429408742982e+00
2.343358884017279209e+00
2.401229563060590433e+00
2.461812930184057002e+00
2.526182757752740038e+00
2.593569920988705313e+00
2.665168781926918307e+00
2.741242571673769390e+00
2.822070973279798611e+00
2.909214093761298692e+00
