1.036941209859005175e+00
1.076488897724355187e+00
1.116036585589705199e+00
1.154966340832159100e+00
1.193896096074613000e+00
1.232825851317066901e+00
1.271755606559520801e+00
1.310685361801974702e+00
1.350223394470092098e+00
1.389761427138209493e+00
1.429917241566766029e+00
1.470700490595768573e+00
1.512758216156927293e+00
1.555473093679979213e+00
1.599522811125626331e+00
1.644260805406361881e+00
1.690396862008370249e+00
1.738695546263597791e+00
1.788503564401801249e+00
1.841424583673642479e+00
1.896826275723851207e+00
1.955690573527197884e+00
2.018233889943254145e+00
2.084686163635313783e+00
2.155291704433127453e+00
2.231413303105770574e+00
2.314671301653974389e+00
2.404433831338756988e+00
