1.013609748620251771e+00
1.052589343144341827e+00
1.091568937668431882e+00
1.130548532192521938e+00
1.170137182881050730e+00
1.209725833569579523e+00
1.249933056925116581e+00
1.290768518145583688e+00
1.332242033447620599e+00
1.374363572426251956e+00
1.417801409497965404e+00
1.461917962773924273e+00
1.507413158339756754e+00
1.554330078767021561e+00
1.602713152957638609e+00
1.652608198216712454e+00
1.704062463640132474e+00
1.757928647755275353e+00
1.814319809250815485e+00
1.873354306441459061e+00
1.936078459706517929e+00
2.001742807655876533e+00
2.071511177352070465e+00
2.145640070154276380e+00
2.225560282706654736e+00
2.311724261864688046e+00
2.405966114068786688e+00
