5.219487575814123481e-01
5.647619412338822364e-01
6.069061688917822828e-01
6.483918929925276409e-01
6.898776170932729990e-01
7.307151267549442109e-01
7.715526364166154227e-01
8.123901460782866346e-01
8.532276557399578465e-01
8.947032514900926659e-01
9.368269034238232429e-01
9.796087374190183272e-01
1.023727503726563404e+00
1.068535625757663921e+00
1.114744001602236523e+00
1.162396389191952206e+00
1.212282482449936083e+00
1.264506986329387850e+00
1.319179513828188988e+00
1.377269074295665252e+00
1.438989232292358755e+00
1.504566900163845533e+00
1.574243172277300040e+00
1.649362903149617976e+00
1.731525108791215795e+00
1.821390021211713117e+00
1.919679769171632078e+00
2.028719958314667338e+00
2.151390171100581838e+00
2.289394160484735430e+00
2.448961273210162659e+00
