5.032183329264316995e-01
5.622881054878225981e-01
6.185889824603982845e-01
6.713710546221880460e-01
7.208542472738659335e-01
7.680179152699964096e-01
8.137077186412478014e-01
8.579697156571475247e-01
9.008485252663003262e-01
9.430573534753100562e-01
9.852661816843197862e-01
1.027475009893329627e+00
1.069683838102339468e+00
1.112552179252114914e+00
1.156090338232355741e+00
1.200989064680729079e+00
1.247290876330614084e+00
1.295039619594557934e+00
1.344280511085499841e+00
1.395829569365079514e+00
1.450600443787132710e+00
1.507938702947719589e+00
1.568860603305842982e+00
1.633590122436348935e+00
1.702365236512511482e+00
1.776513406375874071e+00
1.856454402009811711e+00
1.943889865984431253e+00
2.039522404706671566e+00
2.144120493934122074e+00
2.261793344315004006e+00
2.394175300993496069e+00
