5.392687916755676270e-01
5.933994716033339500e-01
6.441469840356148779e-01
6.925157068226326373e-01
7.393729070225560918e-01
7.847658197162319382e-01
8.287402038882304423e-01
8.720274883075413985e-01
9.146384089078006818e-01
9.572493295080599651e-01
9.998602501083192484e-01
1.042471170708578532e+00
1.085082091308837704e+00
1.129024603177855024e+00
1.174340318542779205e+00
1.220364091960280506e+00
1.267826108297078758e+00
1.317512906649664473e+00
1.369528773675027455e+00
1.423982884467204224e+00
1.481840377183892166e+00
1.543313963195372951e+00
1.608629648332571271e+00
1.678027563790844390e+00
1.752847191394295345e+00
1.833512102404265987e+00
1.921739348821421389e+00
2.018237899590185513e+00
2.123783189493521295e+00
2.242521640634774105e+00
2.376102398168683294e+00
