5.383781914909675503e-01
5.876689457412183071e-01
6.346491958859885596e-01
6.801613132137347417e-01
7.242511768749888557e-01
7.669632322968287230e-01
8.090079118527023772e-01
8.503956432905155349e-01
8.917833747283286927e-01
9.331711061661418505e-01
9.745588376039550083e-01
1.016593252345484144e+00
1.059284454817349674e+00
1.103309757366461197e+00
1.148022955267902434e+00
1.194133440603763807e+00
1.241684878606371001e+00
1.291465290265350729e+00
1.343579158720845435e+00
1.398135864760191582e+00
1.456102364926996851e+00
1.516786044789120824e+00
1.581262454642627713e+00
1.649768640111978879e+00
1.724697280469081884e+00
1.805479720854083592e+00
1.893835515025179328e+00
1.990474664899815505e+00
2.096173735075198774e+00
2.215085189022504952e+00
2.348860574713224736e+00
