5.048883756001788514e-01
5.519129211703933668e-01
5.974679496915386023e-01
6.415993835713980076e-01
6.850412637968845697e-01
7.278043646438479009e-01
7.698992920400773432e-01
8.113364861957406138e-01
8.527736803514038844e-01
8.942108745070671549e-01
9.362955248214126502e-01
9.783801751357581455e-01
1.021779970772427104e+00
1.065857888215919091e+00
1.111313240579520301e+00
1.158189072704484124e+00
1.206529774583352976e+00
1.256381123395936328e+00
1.309348181509305986e+00
1.363970460188718592e+00
1.422006631285594569e+00
1.483670063076025336e+00
1.549187459353357887e+00
1.618799692898023723e+00
1.693850382188366588e+00
1.774764406579517395e+00
1.863264120757338382e+00
1.960060683139330129e+00
2.067444369531852733e+00
2.188251016723440578e+00
2.324158494813977072e+00
2.481301516356160253e+00
