2.0000000e-01
2.6742788e-01
3.3907001e-01
4.1518977e-01
4.9606702e-01
5.7947168e-01
6.6287634e-01
7.4628100e-01
8.2707926e-01
9.0661505e-01
9.8366535e-01
1.0595117e+00
1.1341730e+00
1.2076677e+00
1.2800141e+00
1.3523604e+00
1.4235764e+00
1.4947923e+00
1.5648955e+00
1.6349987e+00
1.7051019e+00
1.7752051e+00
1.8464036e+00
1.9176022e+00
1.9899132e+00
2.0633541e+00
2.1379425e+00
2.2136963e+00
2.2918175e+00
2.3711593e+00
2.4529805e+00
2.5373586e+00
2.6243736e+00
2.7141078e+00
2.8094503e+00
2.9077723e+00
3.0122395e+00
3.1232358e+00
3.2411694e+00
3.3664739e+00
3.6000000e+00
3.8000000e+00
4.0000000e+00
