2.0000000e-01
2.9783654e-01
3.9873047e-01
4.9962440e-01
5.9894186e-01
6.9515565e-01
7.8685942e-01
8.7569745e-01
9.6037120e-01
1.0423989e+00
1.1218632e+00
1.1988443e+00
1.2734197e+00
1.3468299e+00
1.4190930e+00
1.4902270e+00
1.5613610e+00
1.6313836e+00
1.7014061e+00
1.7703346e+00
1.8392630e+00
1.9081915e+00
1.9771199e+00
2.0460484e+00
2.1160538e+00
2.1860593e+00
2.2571586e+00
2.3293688e+00
2.4027073e+00
2.4783376e+00
2.5551497e+00
2.6343621e+00
2.7160499e+00
2.8002905e+00
2.8871636e+00
2.9767514e+00
3.0705387e+00
3.1701877e+00
3.2745078e+00
3.3853479e+00
3.6000000e+00
3.8000000e+00
4.0000000e+00
