2.0000000e-01
3.4278846e-01
4.7888371e-01
6.0222004e-01
7.1592071e-01
8.1896194e-01
9.1556310e-01
1.0061267e+00
1.0924451e+00
1.1760661e+00
1.2557673e+00
1.3329779e+00
1.4077756e+00
1.4814046e+00
1.5538832e+00
1.6240968e+00
1.6943104e+00
1.7634270e+00
1.8314636e+00
1.8995001e+00
1.9664736e+00
2.0334472e+00
2.1004207e+00
2.1673942e+00
2.2343677e+00
2.3013412e+00
2.3693612e+00
2.4373811e+00
2.5064639e+00
2.5766261e+00
2.6478846e+00
2.7213699e+00
2.7960035e+00
2.8729693e+00
2.9523403e+00
3.0341916e+00
3.1186008e+00
3.2056478e+00
3.2981352e+00
3.3949580e+00
3.6000000e+00
3.8000000e+00
4.0000000e+00
