2.0000000e-01
3.4014423e-01
4.7809871e-01
6.0743103e-01
7.2665926e-01
8.3470985e-01
9.3431899e-01
1.0277026e+00
1.1152496e+00
1.2000609e+00
1.2808966e+00
1.3592062e+00
1.4350686e+00
1.5085604e+00
1.5809038e+00
1.6521168e+00
1.7222172e+00
1.7912222e+00
1.8591490e+00
1.9270759e+00
1.9939413e+00
2.0608068e+00
2.1276723e+00
2.1945377e+00
2.2614032e+00
2.3282687e+00
2.3951341e+00
2.4630444e+00
2.5309546e+00
2.6009871e+00
2.6710195e+00
2.7432405e+00
2.8165899e+00
2.8922314e+00
2.9702368e+00
3.0506798e+00
3.1336367e+00
3.2191860e+00
3.3087454e+00
3.4025029e+00
3.6000000e+00
3.8000000e+00
4.0000000e+00
