2.0000000e-01
3.2163462e-01
4.4136869e-01
5.5549023e-01
6.6247917e-01
7.6278131e-01
8.5681456e-01
9.4644000e-01
1.0318643e+00
1.1146190e+00
1.1934946e+00
1.2699054e+00
1.3451222e+00
1.4179885e+00
1.4897163e+00
1.5603233e+00
1.6309303e+00
1.7004341e+00
1.7688519e+00
1.8372697e+00
1.9056875e+00
1.9741053e+00
2.0425231e+00
2.1109409e+00
2.1793587e+00
2.2477764e+00
2.3172633e+00
2.3878358e+00
2.4595111e+00
2.5323062e+00
2.6062388e+00
2.6824818e+00
2.7611074e+00
2.8409615e+00
2.9233111e+00
3.0095208e+00
3.0984245e+00
3.1914956e+00
3.2903837e+00
3.3939071e+00
3.6000000e+00
3.8000000e+00
4.0000000e+00
