5.000000000000000000e-01
5.835129310344827624e-01
6.618063038793103869e-01
7.339830069706356763e-01
8.016486661187531837e-01
8.661424974943027211e-01
9.276131805241234485e-01
9.871629047092622677e-01
1.043921235573223028e+00
1.099792717517434459e+00
1.154791207556267629e+00
1.208930346188243909e+00
1.263069484820220190e+00
1.317208623452196470e+00
1.371347762084172750e+00
1.427178748798398233e+00
1.483882094680033292e+00
1.542357420120469280e+00
1.603573776440925691e+00
1.668616155031410475e+00
1.737723682283800697e+00
1.812230235102783915e+00
1.892557612360750152e+00
1.980415681236650682e+00
2.076510444069666672e+00
2.184617052256809799e+00
2.304547820714422102e+00
2.439469935229236164e+00
2.595473630136990284e+00
2.775852902374081221e+00
