4.999999938382677644e-01
6.567185167182650884e-01
7.900643184267260866e-01
9.018004508680843578e-01
1.002252852887401957e+00
1.094568919014344610e+00
1.179705822355572309e+00
1.262182191685602195e+00
1.342081187756072103e+00
1.414297809709209153e+00
1.487453002140915803e+00
1.557462770655582140e+00
1.622379909993513891e+00
1.682283973456525361e+00
1.742188047008831342e+00
1.802092120871508385e+00
1.859484450519615306e+00
1.912338969556059309e+00
1.963428531733913962e+00
2.018269442775745937e+00
2.074824140722848043e+00
2.130889281228038001e+00
2.187874424540988905e+00
2.250235958997081731e+00
2.316495074965543743e+00
2.397239062743622195e+00
2.482837084748797274e+00
2.576459926665271460e+00
2.686400026195867152e+00
2.817674662239891159e+00
