5.000000003817002270e-01
6.040104946921551754e-01
6.978801858836207739e-01
7.846582460905168199e-01
8.655361148162964424e-01
9.418098871164964914e-01
1.014993747599006513e+00
1.085890611931306982e+00
1.154571950139899217e+00
1.221989636820475900e+00
1.287663525540949649e+00
1.352980082101584713e+00
1.418064350257301598e+00
1.482919960706426288e+00
1.547775569663025985e+00
1.612631178600399284e+00
1.677914317435218905e+00
1.744820796255320161e+00
1.813213680868569044e+00
1.883044184358242834e+00
1.955056890559433658e+00
2.030052791929221279e+00
2.108978507746658515e+00
2.192396801230051206e+00
2.281028737161941322e+00
2.375984251623868726e+00
2.479228268263818258e+00
2.592151412078965045e+00
2.715646287038974815e+00
2.853079621997847592e+00
