5.000000000000000000e-01
5.808189655172414367e-01
6.540611530172414367e-01
7.227257037984914367e-01
7.870987201559133117e-01
8.484542513715810363e-01
9.078924222367591446e-01
9.654731502624004369e-01
1.022154179412641195e+00
1.077063926401936822e+00
1.131973673391232449e+00
1.186025455583820332e+00
1.240077237776408214e+00
1.294129019968996097e+00
1.349869920355102337e+00
1.406481772309741363e+00
1.464862744637962733e+00
1.525068122351440847e+00
1.588095627145237998e+00
1.655062350988647513e+00
1.726214495072269983e+00
1.801813648161118886e+00
1.883318985085034258e+00
1.972465447345566947e+00
2.069969390443024526e+00
2.178137827316766195e+00
2.299827318799725795e+00
2.436727996718055511e+00
2.595019405561123982e+00
2.778043847035922109e+00
