2.000000000000000000e-01
2.448275900000000116e-01
2.973599174274553225e-01
3.474297920067486722e-01
3.928056158442332357e-01
4.346364534444143168e-01
4.738528636945841255e-01
5.106182483041183939e-01
5.456602555100809049e-01
5.796071999908570804e-01
6.124933024566090456e-01
6.448655595713336242e-01
6.767320001686405462e-01
7.085984407659474682e-01
7.409627944975873959e-01
7.738328412562842651e-01
8.072164824955858631e-01
8.416433625236156013e-01
8.771460825525213556e-01
9.143129925827820914e-01
9.532221015207111847e-01
9.939550749401055985e-01
1.036597406488533935e+00
1.081904883758738833e+00
1.130044078358331650e+00
1.181191972620398989e+00
1.235536610273845426e+00
1.294126922743967345e+00
1.357294603375817532e+00
1.426384254066903834e+00
