2.000000000000000000e-01
2.448275900000000116e-01
2.931573312332589887e-01
3.399767680529786618e-01
3.824068826708496016e-01
4.221851151251036494e-01
4.600987429330645750e-01
4.968275698720266975e-01
5.318347330482250390e-01
5.662949092997952016e-01
5.996782050435037759e-01
6.330615007872123501e-01
6.664447965309209243e-01
6.998280922746294985e-01
7.332113880183380727e-01
7.676379117540376162e-01
8.026023499231074165e-01
8.386594267849606377e-01
8.752798954727804004e-01
9.130447538070944891e-01
9.525798398758296148e-01
9.939681331040366441e-01
1.037296502577315760e+00
1.083332895142674612e+00
1.131527243609534494e+00
1.182733738855572980e+00
1.237140640054488872e+00
1.295798080409569897e+00
1.358121610786843680e+00
1.426287972136986770e+00
