2.000000000000000000e-01
2.448275900000000116e-01
3.085668139453124348e-01
3.643386348974608779e-01
4.131389782305908143e-01
4.573642893762397965e-01
4.981344980886349139e-01
5.357195342453741072e-01
5.715427718322662054e-01
6.051270570699776030e-01
6.376618333940106131e-01
6.691798979579175466e-01
7.002054927630133596e-01
7.312310875681091726e-01
7.622566823732049857e-01
7.937670520971304988e-01
8.257697713479923429e-01
8.587725755754436197e-01
8.928067174350028390e-01
9.289679931607845997e-01
9.668243286862124863e-01
1.006455179939395039e+00
1.048562959395901606e+00
1.092644541014431869e+00
1.139481221484120121e+00
1.189245194483163903e+00
1.242119415794648019e+00
1.299124435646091813e+00
1.359692269238250928e+00
1.425938337229674779e+00
