4.999999990730137345e-01
6.145520990973770692e-01
7.163170123922418808e-01
8.080866870460303719e-01
8.928794624305175232e-01
9.723616934960661595e-01
1.047936162550319628e+00
1.121148927882166024e+00
1.192073797663133927e+00
1.260451271398222550e+00
1.327621420860942925e+00
1.393876619812384199e+00
1.458927462204544057e+00
1.522792763256445969e+00
1.586658065132187101e+00
1.650523367054621104e+00
1.714228344052098230e+00
1.778324430915467991e+00
1.843256651041637939e+00
1.910089236041743410e+00
1.979010340592116446e+00
2.050220089788984623e+00
2.124757691105524593e+00
2.203964632783457223e+00
2.288122004722661806e+00
2.380235213847819331e+00
2.479950031560814061e+00
2.589013114996226328e+00
2.709797034870353283e+00
2.845998630046256306e+00
