5.000000000000000000e-01
5.918367346938775420e-01
6.836734693877550839e-01
7.755102040816326259e-01
8.673469387755101678e-01
9.591836734693877098e-01
1.051020408163265252e+00
1.142857142857142794e+00
1.234693877551020336e+00
1.326530612244897878e+00
1.418367346938775420e+00
1.510204081632653184e+00
1.602040816326530726e+00
1.693877551020408267e+00
1.785714285714285809e+00
1.877551020408163351e+00
1.969387755102040893e+00
2.061224489795918657e+00
2.153061224489795755e+00
2.244897959183673741e+00
2.336734693877550839e+00
2.428571428571428825e+00
2.520408163265306367e+00
2.612244897959183909e+00
2.704081632653061451e+00
2.795918367346938993e+00
2.887755102040816535e+00
2.979591836734694077e+00
3.071428571428571619e+00
3.163265306122449161e+00
3.255102040816326703e+00
3.346938775510204245e+00
3.438775510204081787e+00
3.530612244897959329e+00
3.622448979591836871e+00
3.714285714285714413e+00
3.806122448979591955e+00
3.897959183673469497e+00
3.989795918367347038e+00
4.081632653061224580e+00
4.173469387755101678e+00
4.265306122448979664e+00
4.357142857142857650e+00
4.448979591836734748e+00
4.540816326530612734e+00
4.632653061224489832e+00
4.724489795918367818e+00
4.816326530612244916e+00
4.908163265306122902e+00
5.000000000000000000e+00
