1.022399398569878270e+00
1.106307143461891629e+00
1.186281712812091715e+00
1.263757076870097862e+00
1.338811335801291191e+00
1.411520149140884639e+00
1.481956812063615958e+00
1.552393474986347277e+00
1.620628992192743034e+00
1.688864509399138791e+00
1.756033846649184715e+00
1.823203183899230639e+00
1.890372521149276563e+00
1.957541858399322487e+00
2.024711195649368634e+00
2.091880532899415002e+00
2.160099391043993400e+00
2.230450088505590234e+00
2.301900015615024664e+00
2.375582752946629128e+00
2.451568075819846371e+00
2.531115210702745255e+00
2.615634041515825459e+00
2.705435299254723258e+00
2.800849135602302198e+00
2.903717177914535874e+00
3.016229099193541874e+00
3.139289013092454894e+00
3.275808605074061131e+00
3.429393146053368202e+00
3.602175754655088991e+00
3.796556189332024545e+00
