1.055602303849389134e+00
1.132629779138368376e+00
1.207250145824567023e+00
1.279538626051822003e+00
1.350697598775526087e+00
1.420744712550422451e+00
1.489697340172585927e+00
1.557572582988153265e+00
1.625447825803720603e+00
1.693323068619287941e+00
1.761198311434855279e+00
1.829073554250422617e+00
1.898009347734983088e+00
1.966945141219543558e+00
2.038035178250496404e+00
2.110235997110057493e+00
2.184693091558980171e+00
2.261476970209431947e+00
2.340660345067710590e+00
2.422318200390310317e+00
2.507803767681156426e+00
2.597296470938760926e+00
2.692382468149965291e+00
2.793411340186869651e+00
2.900754516726080645e+00
3.018161116065842808e+00
3.146574584093707827e+00
3.287026814749184567e+00
3.442841008132603964e+00
3.618131975688950508e+00
3.815334314189840370e+00
