1.075909398030489905e+00
1.153849128379639044e+00
1.229353242155377224e+00
1.302497852375623655e+00
1.374499578061178617e+00
1.444251249819060057e+00
1.514002921576941496e+00
1.582664723463605982e+00
1.650253684695791367e+00
1.717842645927976752e+00
1.785431607160162137e+00
1.853020568392347522e+00
1.920609529624532907e+00
1.989254568375971033e+00
2.057899607127409158e+00
2.128689803339829378e+00
2.200586096368068567e+00
2.274729148553440439e+00
2.351189171119604904e+00
2.430038569390962078e+00
2.512584033206288758e+00
2.600288588510073051e+00
2.692104294843721934e+00
2.789658482823224261e+00
2.894834091738624604e+00
3.009869913989843937e+00
3.135690344577115152e+00
3.273306440531943196e+00
3.425974296981830758e+00
3.597725635487954321e+00
3.790945891307343718e+00
