5.000000000000000000e-01
5.835129310344827624e-01
6.591965247844827624e-01
7.301498939251077624e-01
7.966686774944436999e-01
8.611087490772378894e-01
9.225281923045886012e-01
9.820282779310846033e-01
1.039668985881752494e+00
1.095508421708962121e+00
1.150475366351371598e+00
1.204583452483743544e+00
1.258691538616115491e+00
1.312799624748487437e+00
1.366907710880859383e+00
1.421861235859049666e+00
1.478532058492808332e+00
1.536973844333871853e+00
1.598155088886235253e+00
1.663160161223121492e+00
1.732228050581063217e+00
1.805612683023876119e+00
1.885877124758202683e+00
1.973666357905122126e+00
2.069685831659565434e+00
2.177707739633314432e+00
2.299232386103782222e+00
2.435947613383058208e+00
2.594024594924721150e+00
2.779271057668856848e+00
