2.000000000000000000e-01
2.448275900000000116e-01
2.952586243303571556e-01
3.425377190150670215e-01
3.861231344275339872e-01
4.263034392609019729e-01
4.646002923052058864e-01
5.011019803630580860e-01
5.364629906691024130e-01
5.707189694030827543e-01
6.039044488016263035e-01
6.370899282001698527e-01
6.702754075987134019e-01
7.034608869972569511e-01
7.366463663958005004e-01
7.703503689099462370e-01
8.051076215026590210e-01
8.404079561671330412e-01
8.768114262898718536e-01
9.143525048539461464e-01
9.536533214757114685e-01
9.947963638766220695e-01
1.037867986390075270e+00
1.083631585310619094e+00
1.131540352930563431e+00
1.182443418526754275e+00
1.236527925722707089e+00
1.294837785043343681e+00
1.357703102123404948e+00
1.426462042679722098e+00
