5.000000000000000000e-01
5.808189655172414367e-01
6.540611530172414367e-01
7.215812946188039367e-01
7.838264251577443664e-01
8.431538152026719635e-01
9.006272243086955731e-01
9.563045893801559449e-01
1.010242036793133291e+00
1.064179484206110526e+00
1.118116931619087762e+00
1.172054379032064997e+00
1.225991826445042232e+00
1.280772046473847237e+00
1.337264148378552342e+00
1.395521628467779607e+00
1.455599654809795362e+00
1.517555119474998993e+00
1.582414746546384254e+00
1.651328100309731095e+00
1.724548538683287058e+00
1.802345254455190338e+00
1.886219838646773450e+00
1.977957665106317542e+00
2.078295912796443989e+00
2.188040871207520333e+00
2.311503949419981385e+00
2.450399912409000347e+00
2.610998369615053605e+00
2.796690335759553392e+00
