1.000000000000000000e+00
1.079148151553594337e+00
1.160759473953826282e+00
1.238545265616547209e+00
1.312684848295077922e+00
1.384507569014904460e+00
1.455208059723483549e+00
1.524803855264740937e+00
1.594399650805998325e+00
1.661820577736591531e+00
1.729241504667184737e+00
1.796662431597777942e+00
1.863029906545080605e+00
1.929397381492383268e+00
1.995764856439685930e+00
2.062132331386988593e+00
2.128499806334291478e+00
2.195904273077646351e+00
2.265415129406731065e+00
2.336012092865957790e+00
2.408815211433285253e+00
2.483893427455841518e+00
2.562490934854455116e+00
2.646000786465482424e+00
2.734730003802199327e+00
2.829004797222461232e+00
2.930644808878681395e+00
3.041813571627671742e+00
3.163404405884379766e+00
3.296394380852654127e+00
3.446008102691962449e+00
3.616661254164923456e+00
3.808646049572004699e+00
4.000000000000000000e+00
