1.015448565666493108e+00
1.097884244858646552e+00
1.176455751588667553e+00
1.252571898733375377e+00
1.326309416279811026e+00
1.398894785114583650e+00
1.469211861173269629e+00
1.538430232918538421e+00
1.607648604663807212e+00
1.675785439350556016e+00
1.742857635995324284e+00
1.809929832640092551e+00
1.877002029284860818e+00
1.944074225929629085e+00
2.011146422574397352e+00
2.079266622291739974e+00
2.148451200129666283e+00
2.219797796025027470e+00
2.292259182481253710e+00
2.366984987264237450e+00
2.444045973446689501e+00
2.525923271265544390e+00
2.611638567419658052e+00
2.702711069583404235e+00
2.799475603132384194e+00
2.903799865864878260e+00
3.017904528228543271e+00
3.142706502688801251e+00
3.279208662254708084e+00
3.432773591766353327e+00
3.605534137466953837e+00
3.799889751380129521e+00
