1.079148151553594337e+00
1.160759473953826282e+00
1.238545265616547209e+00
1.313900251289807919e+00
1.386900393660779107e+00
1.457619281582657411e+00
1.527233186880756488e+00
1.596847092178855565e+00
1.665373280206671858e+00
1.732828746546553722e+00
1.800284212886435586e+00
1.866685687564756835e+00
1.933087162243078083e+00
1.999488636921399332e+00
2.065890111599720580e+00
2.132291586278041606e+00
2.199730583998211753e+00
2.268223316057759842e+00
2.338856445994168975e+00
2.411696861241090506e+00
2.486813539464478140e+00
2.565451311979586979e+00
2.649003945276890093e+00
2.737778618155274568e+00
2.832101708088558212e+00
2.933793789422880050e+00
3.045019503382294879e+00
3.166672628025404723e+00
3.299730733103805935e+00
3.449421101317007299e+00
3.620161677560189695e+00
3.812244825833770001e+00
