4.999999973280984111e-01
6.286075716376731126e-01
7.408994477370699494e-01
8.393246083200484042e-01
9.293372592494789641e-01
1.013097435335492236e+00
1.091859382485403929e+00
1.168160015816644748e+00
1.242076261027446726e+00
1.311733450835218084e+00
1.380898614620933884e+00
1.448405336760116846e+00
1.513411611467534001e+00
1.575956499989805693e+00
1.638501392424401848e+00
1.701046284993583679e+00
1.762647046207937107e+00
1.822995943795665097e+00
1.883313944605730095e+00
1.946149304953077586e+00
2.010948273969026978e+00
2.077109820268669083e+00
2.145796602250679364e+00
2.219388408187998873e+00
2.297579694803622452e+00
2.385903163479753619e+00
2.480912382623475132e+00
2.584828718885908039e+00
2.701998031978857906e+00
2.836557307444134590e+00
