4.999999999454713961e-01
6.075243628272291030e-01
7.040257947198278465e-01
7.924677264090213002e-01
8.746505640210368027e-01
9.519938225763530104e-01
1.025974552582777699e+00
1.097643383914926662e+00
1.167072565980977528e+00
1.234810181679724783e+00
1.300982823980947556e+00
1.366612261338517875e+00
1.431685387573049084e+00
1.496210894889766108e+00
1.560736401486079616e+00
1.625261908085140039e+00
1.690018992974178680e+00
1.755988674475369438e+00
1.823228004259592083e+00
1.892059201586076433e+00
1.963041373903661180e+00
2.036775224549142393e+00
2.114238235532947208e+00
2.196252745081186841e+00
2.283393159682181484e+00
2.377401239031852409e+00
2.479468856029483526e+00
2.591105313051385473e+00
2.713696536316100971e+00
2.850719291347317164e+00
