5.000000000000000000e-01
5.969827586206897241e-01
6.772966056034483984e-01
7.500810294315733984e-01
8.183164267704405859e-01
8.822871117756285742e-01
9.432591709211983755e-01
1.002325853218469121e+00
1.059546701693950155e+00
1.114979398654572407e+00
1.169545959725184936e+00
1.223259918279069325e+00
1.276973876832953714e+00
1.330687835386838103e+00
1.384401793940722492e+00
1.438955033097011338e+00
1.495213060976934072e+00
1.553229152228104537e+00
1.613964747756673868e+00
1.679445311685912490e+00
1.749018410860728734e+00
1.825113988083183925e+00
1.905965538882042676e+00
1.994396922568294706e+00
2.091118748475132794e+00
2.199930802620325920e+00
2.322344363533667799e+00
2.460059619561177691e+00
2.619292884342986127e+00
2.805894366509168236e+00
