5.000000005998146424e-01
6.022535606246181006e-01
6.948073814655173486e-01
7.807535059312645798e-01
8.609788902139262623e-01
9.367179193865682318e-01
1.009503345107121142e+00
1.080014225939497141e+00
1.148321642219360283e+00
1.215579364390851458e+00
1.281003876320950807e+00
1.346163992483118133e+00
1.411253831599427855e+00
1.476274493614756267e+00
1.541295153751499170e+00
1.606315813858029129e+00
1.671861979665739018e+00
1.739236857145295412e+00
1.808206519173057414e+00
1.878536675744326034e+00
1.951064648887319786e+00
2.026691575619260721e+00
2.106348643853514169e+00
2.190468829304483833e+00
2.279846525901821241e+00
2.375275757919876884e+00
2.479107974380985624e+00
2.592674461592754831e+00
2.716621162400411738e+00
2.854259787323112807e+00
