2.000000000000000000e-01
2.448275900000000116e-01
3.008620725892857117e-01
3.542699388071987032e-01
4.018363196575274188e-01
4.449433523031378068e-01
4.853561954083975283e-01
5.226117851460588826e-01
5.575389005251163432e-01
5.913745435485783242e-01
6.241528227275571217e-01
6.559067806821928803e-01
6.876607386368286390e-01
7.194146965914643976e-01
7.511686545461001563e-01
7.834187680937771958e-01
8.166766976898192087e-01
8.509739375857374721e-01
8.863429662284032506e-01
9.228172770161523486e-01
9.610013211220770346e-01
1.000975242295466749e+00
1.043447533542193550e+00
1.087910713441110566e+00
1.135152842083710034e+00
1.185347603766472080e+00
1.238679538054406892e+00
1.297011341181835586e+00
1.358988882004728671e+00
1.426776817279767906e+00
