5.000000000000000000e-01
6.153846153846154188e-01
7.307692307692308376e-01
8.461538461538461453e-01
9.615384615384615641e-01
1.076923076923077094e+00
1.192307692307692291e+00
1.307692307692307709e+00
1.423076923076923128e+00
1.538461538461538547e+00
1.653846153846153966e+00
1.769230769230769384e+00
1.884615384615384581e+00
2.000000000000000000e+00
2.115384615384615419e+00
2.230769230769230838e+00
2.346153846153846256e+00
2.461538461538461675e+00
2.576923076923077094e+00
2.692307692307692513e+00
2.807692307692307931e+00
2.923076923076923350e+00
3.038461538461538769e+00
3.153846153846154188e+00
3.269230769230769162e+00
3.384615384615384581e+00
3.500000000000000000e+00
3.615384615384615419e+00
3.730769230769230838e+00
3.846153846153846256e+00
3.961538461538461675e+00
4.076923076923076650e+00
4.192307692307692513e+00
4.307692307692308376e+00
4.423076923076923350e+00
4.538461538461538325e+00
4.653846153846154188e+00
4.769230769230769162e+00
4.884615384615385025e+00
5.000000000000000000e+00

