1.000000000e-01 5.578082937e-07 1.100928287e-06 -1.103008433e+01 1.615346396e-04 1.642379590e-04 1.085035805e-06 0.000000000e+00 0.000000000e+00 -1.667871943e+06 3.407919094e+01 2.343906460e-05 7.216703735e-09
5.888888889e-01 2.418749657e-06 1.216067770e-06 -1.102966869e+01 1.689528676e-04 1.670317088e-04 1.195734899e-06 0.000000000e+00 0.000000000e+00 -1.667941417e+06 3.695913111e+01 2.345802898e-05 7.044691381e-09
1.077777778e+00 -9.165302413e-07 1.203066287e-06 -1.102723329e+01 1.692377381e-04 1.688466024e-04 1.125396551e-06 0.000000000e+00 0.000000000e+00 -1.668255400e+06 3.962675406e+01 2.357150345e-05 7.287096515e-09
1.566666667e+00 -4.488497566e-07 1.214157100e-06 -1.101999477e+01 1.721203936e-04 1.796745807e-04 1.402733195e-06 0.000000000e+00 0.000000000e+00 -1.669211019e+06 3.699293193e+01 2.391343036e-05 7.855343741e-09
2.055555556e+00 1.186312205e-06 1.256815048e-06 -1.100728036e+01 1.975427068e-04 1.987725148e-04 1.703534135e-06 0.000000000e+00 0.000000000e+00 -1.670811361e+06 3.641240198e+01 2.452182886e-05 9.549126720e-09
2.544444444e+00 -5.718086283e-07 1.240614000e-06 -1.098729612e+01 1.927415564e-04 2.248153804e-04 1.960073587e-06 0.000000000e+00 0.000000000e+00 -1.673439967e+06 3.761588734e+01 2.549813668e-05 1.020245917e-08
3.033333333e+00 9.131043487e-07 1.189626826e-06 -1.095907820e+01 2.139520020e-04 2.696643819e-04 2.886156930e-06 0.000000000e+00 0.000000000e+00 -1.677154938e+06 4.066345081e+01 2.693994730e-05 1.296430373e-08
3.522222222e+00 -6.719939941e-07 1.273957863e-06 -1.092077814e+01 2.758393136e-04 3.207316674e-04 4.069310455e-06 0.000000000e+00 0.000000000e+00 -1.682285940e+06 4.665093557e+01 2.900581225e-05 1.884928114e-08
4.011111111e+00 -9.454103772e-07 1.298855441e-06 -1.087094495e+01 3.143067384e-04 4.035400796e-04 4.900375101e-06 0.000000000e+00 0.000000000e+00 -1.688945958e+06 4.554333341e+01 3.192142300e-05 2.551335178e-08
4.500000000e+00 6.356307431e-07 1.282528617e-06 -1.080543424e+01 3.778502437e-04 5.174262784e-04 8.085832291e-06 0.000000000e+00 0.000000000e+00 -1.697707433e+06 5.237990309e+01 3.618883189e-05 3.759451232e-08
5.000000000e+00 -2.671882247e-08 2.323246209e-07 -1.072007592e+01 7.960307040e-05 6.830831388e-04 1.940788236e-06 0.000000000e+00 0.000000000e+00 -1.709100113e+06 9.677900042e+00 4.254269708e-05 1.053440738e-08
5.516129032e+00 2.698250711e-07 2.457991419e-07 -1.060889578e+01 1.044572184e-04 9.363886358e-04 2.893583860e-06 0.000000000e+00 0.000000000e+00 -1.723898667e+06 1.122048647e+01 5.239115481e-05 1.923162114e-08
6.032258065e+00 3.673417716e-08 2.529885266e-07 -1.047133404e+01 1.390892081e-04 1.300475003e-03 4.346112919e-06 0.000000000e+00 0.000000000e+00 -1.742209978e+06 1.344625310e+01 6.741795162e-05 3.560552691e-08
6.548387097e+00 1.157911154e-08 2.635564824e-07 -1.030563460e+01 1.852034518e-04 1.830055000e-03 6.735891340e-06 0.000000000e+00 0.000000000e+00 -1.764278279e+06 1.612236999e+01 9.064514183e-05 7.020947135e-08
7.064516129e+00 -1.024651808e-07 2.755850689e-07 -1.010901861e+01 2.570716264e-04 2.626741061e-03 1.088418512e-05 0.000000000e+00 0.000000000e+00 -1.790404302e+06 2.025579267e+01 1.277547372e-04 1.518692850e-07
7.580645161e+00 2.565267750e-07 2.935294888e-07 -9.879734026e+00 3.551861437e-04 3.784499534e-03 1.678006140e-05 0.000000000e+00 0.000000000e+00 -1.820825646e+06 2.537447659e+01 1.880589519e-04 3.258397465e-07
8.096774194e+00 -2.058735497e-07 3.023387895e-07 -9.615772176e+00 4.898500929e-04 5.526746655e-03 2.746372684e-05 0.000000000e+00 0.000000000e+00 -1.855812758e+06 3.214516885e+01 2.900553843e-04 7.663810196e-07
8.612903226e+00 -1.227116539e-07 3.125680463e-07 -9.315745456e+00 6.922048761e-04 8.018422224e-03 4.428811622e-05 0.000000000e+00 0.000000000e+00 -1.895596352e+06 4.151650090e+01 4.651614542e-04 1.931189422e-06
9.129032258e+00 2.491867676e-07 1.643555921e-07 -8.975566905e+00 5.014410631e-04 1.168196179e-02 3.561603170e-05 0.000000000e+00 0.000000000e+00 -1.940515567e+06 2.773055702e+01 7.790761417e-04 2.548305578e-06
9.645161290e+00 5.367093883e-08 1.719855101e-07 -8.593087182e+00 7.220370051e-04 1.713673714e-02 5.799067003e-05 0.000000000e+00 0.000000000e+00 -1.991038746e+06 3.704405038e+01 1.363556896e-03 6.995841600e-06
1.016129032e+01 -6.519718216e-08 1.797594421e-07 -8.165513132e+00 1.020991207e-03 2.488542663e-02 8.875218470e-05 0.000000000e+00 0.000000000e+00 -2.047631211e+06 5.037713297e+01 2.435014618e-03 1.394626459e-05
1.067741935e+01 -1.401387849e-07 1.877664529e-07 -7.692125920e+00 1.427731400e-03 3.600780951e-02 1.352535545e-04 0.000000000e+00 0.000000000e+00 -2.110865183e+06 6.918150080e+01 4.441392682e-03 2.972890333e-05
1.119354839e+01 2.896380413e-08 1.982831295e-07 -7.162704393e+00 2.016865989e-03 5.250022870e-02 2.112231370e-04 0.000000000e+00 0.000000000e+00 -2.181819841e+06 9.798276922e+01 8.441767132e-03 6.470650570e-05
1.170967742e+01 2.570094483e-07 2.125317221e-07 -6.590543020e+00 2.655266672e-03 7.377039300e-02 2.928888491e-04 0.000000000e+00 0.000000000e+00 -2.261199902e+06 1.384842957e+02 1.511543326e-02 1.137904990e-04
1.222580645e+01 4.659511747e-08 2.313447692e-07 -5.970481852e+00 3.404521998e-03 1.042133870e-01 4.149753841e-04 0.000000000e+00 0.000000000e+00 -2.350503894e+06 1.958756912e+02 2.732310827e-02 1.984066379e-04
1.274193548e+01 3.002360499e-07 2.608336048e-07 -5.333582649e+00 4.107916216e-03 1.414732787e-01 5.432887013e-04 0.000000000e+00 0.000000000e+00 -2.450247656e+06 2.735176156e+02 4.593274948e-02 3.097356044e-04
1.325806452e+01 6.150844160e-07 2.935046991e-07 -4.700620638e+00 4.628395097e-03 1.857008661e-01 6.684973590e-04 0.000000000e+00 0.000000000e+00 -2.560794245e+06 3.604557629e+02 7.204051109e-02 4.320978938e-04
1.377419355e+01 -2.657338225e-07 3.272049337e-07 -4.123432463e+00 4.826551656e-03 2.317182902e-01 7.649700123e-04 0.000000000e+00 0.000000000e+00 -2.679560732e+06 4.444893276e+02 1.028186725e-01 5.389372792e-04
1.429032258e+01 3.225739519e-07 3.573646199e-07 -3.591572493e+00 4.917500731e-03 2.822229490e-01 8.616916860e-04 0.000000000e+00 0.000000000e+00 -2.807715899e+06 5.351657030e+02 1.408888046e-01 6.602073990e-04
1.480645161e+01 3.549477394e-07 7.255185238e-07 -3.161095320e+00 9.089987375e-03 3.259530057e-01 1.749308302e-03 0.000000000e+00 0.000000000e+00 -2.939455572e+06 1.164432010e+03 1.771216223e-01 1.431763042e-03
1.532258065e+01 -1.637319691e-06 7.758886825e-07 -2.806532153e+00 8.655054618e-03 3.676186724e-01 1.812907668e-03 0.000000000e+00 0.000000000e+00 -3.069646690e+06 1.269989772e+03 2.130317264e-01 1.542971006e-03
1.583870968e+01 -5.818655343e-07 4.468251851e-07 -2.529485635e+00 4.582860212e-03 4.033505208e-01 1.041690932e-03 0.000000000e+00 0.000000000e+00 -3.199408280e+06 7.548750159e+02 2.461378804e-01 9.210824780e-04
1.635483871e+01 3.569974117e-07 4.702318905e-07 -2.299191613e+00 4.348203428e-03 4.348249820e-01 1.057656279e-03 0.000000000e+00 0.000000000e+00 -3.329676996e+06 8.052403321e+02 2.765050154e-01 9.631058849e-04
1.687096774e+01 1.022623148e-07 4.942699734e-07 -2.105876942e+00 4.121741557e-03 4.650959052e-01 1.072823113e-03 0.000000000e+00 0.000000000e+00 -3.456622233e+06 8.378701669e+02 3.063627964e-01 1.002835882e-03
1.738709677e+01 6.059754264e-08 4.535204396e-07 -1.951331830e+00 3.492706645e-03 4.898423559e-01 9.620764315e-04 0.000000000e+00 0.000000000e+00 -3.580462480e+06 7.716275303e+02 3.317509167e-01 9.181481118e-04
1.790322581e+01 -6.772342112e-07 4.685893983e-07 -1.816681759e+00 3.323645816e-03 5.123012139e-01 9.616361066e-04 0.000000000e+00 0.000000000e+00 -3.703149129e+06 7.916383131e+02 3.556008279e-01 9.347822308e-04
1.841935484e+01 5.633428309e-07 4.807420424e-07 -1.706152698e+00 3.213489880e-03 5.324968817e-01 9.700093508e-04 0.000000000e+00 0.000000000e+00 -3.821130893e+06 8.118679363e+02 3.778595139e-01 9.597859111e-04
1.893548387e+01 -8.841875306e-07 4.954197965e-07 -1.611961267e+00 3.101931598e-03 5.503849789e-01 9.717494256e-04 0.000000000e+00 0.000000000e+00 -3.935968810e+06 8.243865074e+02 3.976962111e-01 9.720676343e-04
1.945161290e+01 3.476280762e-07 3.895595041e-07 -1.522467710e+00 2.251840832e-03 5.691970667e-01 7.295926476e-04 0.000000000e+00 0.000000000e+00 -4.049103873e+06 6.328781297e+02 4.181309573e-01 7.415542933e-04
1.996774194e+01 6.463352218e-07 4.063316976e-07 -1.450651450e+00 2.249868475e-03 5.840365206e-01 7.471331360e-04 0.000000000e+00 0.000000000e+00 -4.157604139e+06 6.614407156e+02 4.351989269e-01 7.679175113e-04
2.048387097e+01 2.624543653e-07 4.184666177e-07 -1.387652284e+00 2.176704588e-03 5.968106867e-01 7.438214588e-04 0.000000000e+00 0.000000000e+00 -4.263842190e+06 6.664323013e+02 4.501623944e-01 7.719463918e-04
2.100000000e+01 -1.876766118e-07 4.165243434e-07 -1.332816406e+00 2.071024975e-03 6.085788566e-01 7.237222694e-04 0.000000000e+00 0.000000000e+00 -4.367328018e+06 6.574926986e+02 4.639142830e-01 7.575060757e-04
