0.00000000000000
-0.24575454852857
0.11416762284897
0.84655770886415
-0.12439696577802
0.28473963671809
-0.02218161505591
-0.06433459958151
-0.51459174084046
-0.24575454852857
0.00000000000000
0.27725278512769
-0.02161391215913
0.65046782001484
-0.13262000129419
-0.36719242234573
-0.19308251153856
0.03212022502430
0.11416762284897
0.27725278512769
0.00000000000000
0.28278212363751
0.01546400757150
-0.28013540202185
-0.48589902338085
0.02224293392621
-0.38397647686921
0.84655770886415
-0.02161391215913
0.28278212363751
0.00000000000000
0.09960823139421
0.09313343896982
0.20083175154984
0.44255042806753
-0.09181223517612
-0.12439696577802
0.65046782001484
0.01546400757150
0.09960823139421
0.00000000000000
0.05850230495728
0.11499174071190
0.54282209930804
-0.24414692893836
0.28473963671809
-0.13262000129419
-0.28013540202185
0.09313343896982
0.05850230495728
0.00000000000000
-0.16147807279667
-0.63374366889217
-0.05604809226345
-0.02218161505591
-0.36719242234573
-0.48589902338085
0.20083175154984
0.11499174071190
-0.16147807279667
0.00000000000000
0.19758970496754
-0.15050576935571
-0.06433459958151
-0.19308251153856
0.02224293392621
0.44255042806753
0.54282209930804
-0.63374366889217
0.19758970496754
0.00000000000000
0.29698607528892
-0.51459174084046
0.03212022502430
-0.38397647686921
-0.09181223517612
-0.24414692893836
-0.05604809226345
-0.15050576935571
0.29698607528892
0.00000000000000
